joint vector [-0.14094739 -2.18864901 -1.22948707 -2.61878742 -3.11228918 -1.32504376]
SE(3) end effector config [[-1.60584746e-03  9.85691043e-01 -1.68554412e-01 -6.38559961e-01]
 [-6.97165903e-03 -1.68561568e-01 -9.85666472e-01  1.17910130e-01]
 [-9.99974408e-01 -4.07726107e-04  7.14258602e-03  1.82851038e-01]
 [ 0.00000000e+00  0.00000000e+00  0.00000000e+00  1.00000000e+00]]
error twist [-0.16936801  0.00709104  0.00101162  0.08282997  0.13977889  0.00583856]
angular error magnitude 0.16951940460925707
linear error magnitude 0.16258238273730335

joint vector:
 [-0.12547855 -1.7245637  -2.27872884 -0.99068508  3.01989386 -0.2816445 ]
SE(3) end effector config:
 [[ 0.01258019  0.99579382 -0.09075464 -0.40216699]
 [ 0.11595269 -0.09160231 -0.98902173  0.07855511]
 [-0.99317507  0.00191884 -0.11661735  0.12151543]
 [ 0.          0.          0.          1.        ]]
error twist:
 [-0.09151442 -0.11671347 -0.00727623  0.02229812 -0.09880617 -0.01567917]
angular error magnitude: 0.14849196929746933
linear error magnitude: 0.10249732157017478

joint vector:
 [-0.16360406 -1.81082723 -1.82661063 -2.64733408  3.09597926 -1.57461421]
SE(3) end effector config:
 [[-2.22589464e-03  9.93044672e-01 -1.17717141e-01 -4.31624023e-01]
 [ 1.91007750e-04 -1.17717008e-01 -9.93047164e-01  9.87041641e-02]
 [-9.99997504e-01 -2.23290325e-03  7.23464292e-05  1.66317678e-01]
 [ 0.00000000e+00  0.00000000e+00  0.00000000e+00  1.00000000e+00]]
error twist:
 [-1.17990756e-01 -5.94685990e-05  2.23458210e-03  6.63940729e-02
 -6.82989165e-02  2.74004967e-03]
angular error magnitude: 0.11801192940557327
linear error magnitude: 0.09529125246245544

joint vector:
 [-0.14945888 -2.04919117 -1.71046544 -2.51703187  2.9921343  -1.56430561]
SE(3) end effector config:
 [[ 6.63251510e-05  9.99999998e-01 -3.63352470e-06 -4.93768904e-01]
 [ 9.67386785e-04 -3.69768509e-06 -9.99999532e-01  1.02581451e-01]
 [-9.99999530e-01  6.63216050e-05 -9.67387028e-04  9.00623782e-02]
 [ 0.00000000e+00  0.00000000e+00  0.00000000e+00  1.00000000e+00]]
error twist:
 [-3.66560547e-06 -9.67387058e-04 -6.63233884e-05 -9.93907632e-03
 -6.23076177e-03  2.57665492e-03]
angular error magnitude: 0.0009696648644711425
linear error magnitude: 0.01201027813789607

joint vector:
 [-0.14270121 -2.04651728 -1.68391214 -2.5524643   2.99889444 -1.57050146]
SE(3) end effector config:
 [[ 6.25074579e-06  1.00000000e+00 -3.00291014e-06 -4.99857560e-01]
 [ 4.14668846e-05 -3.00316934e-06 -9.99999999e-01  9.99377147e-02]
 [-9.99999999e-01  6.25062127e-06 -4.14669034e-05  1.00091305e-01]
 [ 0.00000000e+00  0.00000000e+00  0.00000000e+00  1.00000000e+00]]
error twist:
 [-3.00303974e-06 -4.14668940e-05 -6.25068353e-06  9.13058910e-05
 -1.42440836e-04 -6.22831519e-05]
angular error magnitude: 4.204274721540737e-05
linear error magnitude: 0.00018029239744672663

joint vector:
 [-0.14278065 -2.04700904 -1.68341726 -2.55275918  2.99881201 -1.5707965 ]
SE(3) end effector config:
 [[-3.35829725e-09  1.00000000e+00 -6.11712109e-09 -4.99999973e-01]
 [-2.38158504e-08 -6.11712123e-09 -1.00000000e+00  1.00000011e-01]
 [-1.00000000e+00 -3.35829698e-09  2.38158504e-08  9.99999612e-02]
 [ 0.00000000e+00  0.00000000e+00  0.00000000e+00  1.00000000e+00]]
error twist:
 [-6.11712116e-09  2.38158504e-08  3.35829712e-09 -3.88348564e-08
 -2.65638387e-08  1.07369619e-08]
angular error magnitude: 2.481717271419483e-08
linear error magnitude: 4.8260397273489364e-08
